41561 57465
17130 7014
166 241
28791 24161
17471 28893
26305 34723
21312 15088
34334 39912
15807 26705
17702 27137
15037 43917
12477 10833
20064 11865
10332 41173
30966 7535
17934 14924
38447 57417
29334 44602
33619 18565
34448 37410
38889 35171
19147 35600
760 16370
14315 2692
33947 43560
22836 36356
35488 11567
31714 41951
29904 21126
17572 27059
13114 14102
31610 9208
37201 10131
29250 13081
4114 2908
7687 21284
13616 10126
17142 13524
27003 5776
37982 12472
38976 17733
4989 46518
20675 55779
30648 1062
13325 18308
7587 52731
31551 19414
22932 2763
38208 49030
38227 57280
32800 44142
10178 57252
29846 14134
28190 46215
6229 17442
34371 8162
14498 10060
25301 43041
10691 50214
39026 26988
11043 32459
39925 19982
41510 36296
4057 16348
32964 35681
9547 35281
31659 54590
31033 41894
25765 27856
25986 27180
12997 29285
11140 3520
33634 50325
13443 56102
19339 22353
2497 34177
14378 35823
40621 55924
16333 38994
11239 44681
18536 40794
15291 56167
23425 21437
11788 10537
34326 42956
10345 36893
18527 2718
33916 1786
17723 31145
39505 30701
8539 21492
37122 8543
21115 12707
353 33465
4725 42384
2240 31892
9614 53359
35827 24464
22872 56142
2235 52772
3191 19648
850 36340
27734 47012
5662 12103
31563 2051
29293 24367
19510 2818
21721 770
9048 23328
33669 7365
32670 44992
12738 10315
20739 30749
22142 17656
21016 20883
38577 38306
10931 24549
38742 11660
10493 17122
29535 25010
12012 11730
31795 15051
25085 46897
40896 39571
35972 19431
37022 28655
39989 18614
22780 37826
7024 18238
38796 43706
33426 16702
41355 7765
4367 54061
14761 55514
32798 27729
17171 15642
9415 26280
11975 18775
28181 35185
20418 55613
36061 38695
18823 15229
7420 10673
38162 36481
37973 38617
30426 51164
7574 15351
14890 3616
31024 635
37903 3485
1031 7341
14641 49722
14330 19846
4863 4615
36258 46149
22108 18350
22359 51405
8875 3192
14082 9658
369 43324
40431 45670
36122 47846
24042 21892
6811 7691
3833 18199
29795 36365
6477 6857
18934 23686
15518 47118
